TIEMPO W_MR W_ML (seg rad/s)
8.753697633743286 0.0 0.0
8.78757381439209 1.827 1.369
8.787853956222534 1.827 1.369
8.787853956222534 10.327 10.329
8.820801734924316 13.426 13.419
8.820801734924316 13.426 13.419
8.854365825653076 11.188 11.191
8.854877710342407 11.188 11.191
8.887840509414673 11.188 11.188
8.888125658035278 11.188 11.188
8.921050310134888 11.188 11.188
8.921719312667847 11.188 11.188
8.955173254013062 11.188 8.95
8.955173254013062 11.188 14.5
8.988606214523315 11.574 14.5
8.989780902862549 11.574 11.189
9.021566152572632 11.188 11.189
9.022562265396118 13.426 11.141
9.023558855056763 13.426 13.432
9.055471181869507 13.426 13.53
9.05575680732727 11.188 13.53
9.089110612869263 13.426 11.145
9.089110612869263 13.426 11.145
9.122469186782837 11.188 11.189
9.122469186782837 11.188 11.189
9.156146049499512 11.188 11.188
9.156970739364624 13.419 11.188
9.189721822738647 13.419 11.231
9.191766262054443 11.191 11.231
9.223269701004028 13.426 11.144
9.224063158035278 13.426 11.144
9.256767511367798 11.188 11.189
9.256767511367798 11.188 11.189
9.29000473022461 11.188 11.188
9.291005849838257 13.415 11.188
9.291005849838257 13.415 11.231
9.323817729949951 11.192 13.323
9.324809551239014 11.192 13.323
9.357009172439575 11.188 11.188
9.35801362991333 11.188 11.188
9.390244007110596 11.188 11.188
9.391249418258667 13.426 11.188
9.423683881759644 13.426 11.231
9.424685716629028 11.185 11.231
9.456995725631714 11.185 11.187
9.45799708366394 11.191 11.187
9.491330862045288 13.426 11.145
9.492319107055664 13.426 11.145
9.524983406066895 11.188 11.189
9.525977611541748 11.188 11.189
9.525977611541748 11.188 11.188
9.557891368865967 13.426 11.188
9.558887720108032 13.426 11.23
9.5919828414917 11.188 11.23
9.5919828414917 11.188 11.189
9.62556529045105 11.188 13.323
9.62556529045105 11.188 13.323
9.659210205078125 11.188 11.188
9.660210609436035 13.426 11.188
9.692527055740356 13.426 11.231
9.693525075912476 11.187 11.231
9.725542306900024 11.187 11.188
9.727538108825684 11.189 11.188
9.759566068649292 13.426 11.144
9.759847164154053 13.426 11.144
9.793306589126587 11.188 11.189
9.79404616355896 11.188 11.189
9.79404616355896 11.188 11.188
9.826994180679321 13.426 11.188
9.826994180679321 13.426 11.23
9.861083030700684 11.188 11.23
9.862086296081543 11.188 11.188
9.893978357315063 11.188 11.188
9.893978357315063 13.419 11.144
9.9274160861969 13.419 11.144
9.927987337112427 11.191 11.191
9.960729122161865 11.191 13.53
9.961693048477173 11.188 13.53
9.993652820587158 13.415 11.141
9.994661808013916 13.415 11.141
10.027639389038086 11.192 11.192
10.028637170791626 11.192 11.192
10.02963399887085 11.188 11.188
10.060550689697266 11.188 11.188
10.061547994613647 11.188 11.188
10.094896793365479 13.426 11.188
10.094896793365479 13.426 11.231
10.128488779067993 11.188 11.231
10.128488779067993 11.188 11.188
10.162271499633789 11.188 11.188
10.163277864456177 11.188 11.185
10.195517301559448 11.188 11.185
10.196521520614624 13.426 11.147
10.229451656341553 13.426 11.147
10.229451656341553 11.188 11.187
10.262681245803833 11.188 11.187
10.263725757598877 11.188 11.191
10.296302795410156 13.415 13.415
10.296618461608887 13.415 13.415
10.297619342803955 11.192 11.192
10.32956838607788 11.192 11.192
10.330573558807373 11.188 11.188
10.363442182540894 13.426 11.188
10.364443302154541 13.426 11.23
10.396560907363892 11.188 11.23
10.397198915481567 11.188 11.188
10.430661678314209 11.188 11.188
10.431619644165039 13.419 11.144
10.463955879211426 13.419 11.144
10.464960813522339 11.191 11.191
10.497250080108643 11.191 11.191
10.498254537582397 11.188 11.185
10.530810117721558 11.188 11.185
10.531815767288208 11.188 11.191
10.532817602157593 13.426 11.191
10.563761472702026 13.426 11.231
10.564729452133179 11.188 11.231
10.59709358215332 11.188 11.187
10.598093509674072 11.188 13.316
10.630926847457886 13.426 13.316
10.63186502456665 13.426 11.233
10.664838790893555 11.188 11.233
10.665840864181519 11.188 11.189
10.6984224319458 11.188 11.189
10.701422929763794 11.188 11.187
10.732332468032837 11.188 11.187
10.735323667526245 13.426 11.147
10.76556396484375 13.426 11.147
10.76556396484375 11.188 11.187
10.798926591873169 11.188 11.187
10.798926591873169 11.188 11.191
10.799812316894531 13.426 11.191
10.832307815551758 13.426 11.23
10.832307815551758 11.188 11.23
10.865593910217285 11.188 11.189
10.86659026145935 11.188 11.189
10.900118589401245 13.426 11.144
10.901994705200195 13.426 11.144
10.934150457382202 11.188 11.189
10.936182737350464 11.188 11.189
10.966529369354248 11.188 11.188
10.966529369354248 11.188 11.188
11.00049901008606 11.188 11.188
11.00049901008606 13.426 13.422
11.033766984939575 13.426 13.422
11.033766984939575 11.188 11.187
11.034767866134644 11.188 11.187
11.066715478897095 11.188 11.191
11.0677170753479 13.426 11.191
11.100962400436401 13.426 11.231
11.100962400436401 11.188 11.231
11.134623289108276 11.188 11.187
11.134623289108276 11.188 11.187
11.16811728477478 13.426 11.145
11.16811728477478 13.426 11.145
11.201543807983398 11.188 11.189
11.202502489089966 11.188 11.189
11.23524260520935 11.188 11.188
11.235897302627563 11.188 11.188
11.268157482147217 11.188 11.188
11.269161462783813 13.426 11.188
11.302174091339111 13.426 11.23
11.30296516418457 11.184 13.31
11.30296516418457 11.184 13.31
11.335592031478882 11.192 11.195
11.336709260940552 13.426 11.195
11.369423627853394 13.426 11.23
11.370420217514038 11.188 11.23
11.402979373931885 11.188 11.189
11.403983116149902 11.188 11.189
11.436715364456177 13.426 11.144
11.437719106674194 13.426 11.144
11.46965479850769 11.188 11.189
11.470659732818604 11.188 11.189
11.503436088562012 11.188 11.188
11.504438877105713 11.188 11.188
11.537057399749756 11.188 11.188
11.537477970123291 13.426 11.188
11.538482904434204 13.426 11.23
11.570392847061157 11.188 11.23
11.570392847061157 11.188 11.189
11.604096412658691 11.184 13.313
11.604096412658691 13.436 13.313
11.637664794921875 13.436 11.236
11.637664794921875 11.187 11.236
11.67046070098877 11.187 11.188
11.67146372795105 11.189 11.188
11.7045316696167 11.189 11.188
11.705066204071045 11.185 11.188
11.738045454025269 13.432 11.144
11.739047527313232 13.432 11.144
11.770779848098755 11.188 11.189
11.771687984466553 11.188 11.189
11.804642677307129 11.188 11.188
11.805378675460815 13.426 11.188
11.806374788284302 13.426 11.231
11.838470697402954 11.188 11.231
11.838470697402954 11.188 11.187
11.871796131134033 11.188 11.187
11.872756958007812 13.426 11.145
11.90567922592163 13.426 11.145
11.90567922592163 11.185 11.187
11.939123630523682 11.185 11.187
11.939600467681885 11.191 11.189
11.972344160079956 11.191 13.533
11.972344160079956 11.188 13.533
12.00577449798584 13.426 11.144
12.00676965713501 13.426 11.144
12.039236545562744 11.188 11.189
12.040238380432129 11.188 11.189
12.041232347488403 11.188 11.188
12.073144674301147 13.426 11.188
12.073144674301147 13.426 11.23
12.106629848480225 11.188 11.23
12.106629848480225 11.188 11.189
12.140714168548584 11.188 11.189
12.140714168548584 13.426 11.144
12.173941135406494 13.426 11.144
12.174943685531616 11.185 11.187
12.207300186157227 11.185 11.187
12.208292961120605 11.191 11.189
12.240783214569092 11.191 11.189
12.241902112960815 11.188 11.187
12.274049282073975 13.426 13.419
12.275043964385986 13.426 13.419
12.307576894760132 11.188 11.194
12.308577537536621 11.188 11.194
12.308577537536621 11.188 11.188
12.340903997421265 13.426 11.188
12.34185791015625 13.426 11.231
12.375305652618408 11.188 11.231
12.375305652618408 11.188 11.187
12.40888500213623 11.188 11.187
12.40888500213623 11.188 11.188
12.44248652458191 11.188 11.188
12.443650484085083 13.419 11.144
12.475865125656128 13.419 11.144
12.476861953735352 11.191 11.191
12.508767127990723 11.191 11.191
12.509764194488525 11.188 11.185
12.542417049407959 13.426 11.185
12.54340386390686 13.426 11.234
12.544403314590454 11.188 11.234
12.57635235786438 11.188 11.188
12.57635235786438 11.188 11.188
12.61016321182251 13.426 11.144
12.610689163208008 13.426 13.53
12.643378496170044 11.188 13.53
12.643991708755493 11.188 11.187
12.67711353302002 11.188 11.187
12.67711353302002 13.426 11.147
12.710453033447266 13.426 11.147
12.712397575378418 11.185 11.187
12.743996620178223 11.185 11.187
12.74567723274231 11.191 11.189
12.776751041412354 11.191 11.189
12.777745008468628 11.188 11.187
12.810956239700317 13.426 11.187
12.811643123626709 13.426 11.234
12.81264042854309 11.188 11.234
12.844751834869385 11.188 11.188
12.845755577087402 11.188 11.188
12.878257989883423 13.426 11.144
12.878725290298462 13.426 11.144
12.912359952926636 11.188 11.189
12.913355827331543 11.188 11.189
12.944941759109497 11.188 11.188
12.946942567825317 13.415 11.188
12.979147911071777 13.415 11.231
12.980161666870117 11.192 13.316
13.011714458465576 11.192 13.316
13.01341724395752 11.188 11.191
13.045260906219482 11.188 11.191
13.047266721725464 11.188 11.185
13.048263788223267 13.426 11.185
13.079179286956787 13.426 11.233
13.079179286956787 11.188 11.233
13.112149000167847 11.188 11.189
13.113099813461304 11.188 11.189
13.146251201629639 13.426 11.144
13.146251201629639 13.426 11.144
13.179569244384766 11.188 11.189
13.179569244384766 11.188 11.189
13.21327829360962 11.188 11.188
13.21327829360962 13.415 11.188
13.246294975280762 13.415 11.23
13.24729061126709 11.192 11.23
13.280312061309814 11.192 11.189
13.28091049194336 11.184 13.313
13.313681602478027 11.184 13.313
13.313681602478027 11.192 11.189
13.314723253250122 13.426 11.189
13.347953796386719 13.426 11.233
13.347953796386719 11.188 11.233
13.380882978439331 11.188 11.189
13.380882978439331 11.188 11.189
13.413987636566162 13.415 11.141
13.414986610412598 13.415 11.141
13.448018550872803 11.192 11.192
13.448962688446045 11.192 11.192
13.481682062149048 11.188 11.188
13.482356786727905 11.188 11.188
13.51537299156189 11.188 11.188
13.51637601852417 13.426 11.188
13.548062562942505 13.426 11.231
13.55010461807251 11.188 11.231
13.552061319351196 11.188 11.188
13.582049131393433 11.188 11.188
13.582966566085815 13.426 11.144
13.615307092666626 13.426 11.144
13.616307258605957 11.188 11.189
13.649610042572021 11.188 13.53
13.649610042572021 11.187 13.53
13.682344913482666 13.429 11.144
13.683000326156616 13.429 11.144
13.716559886932373 11.188 11.189
13.717478036880493 11.188 11.189
13.749684572219849 11.188 11.188
13.749684572219849 13.426 11.188
13.783376932144165 13.426 11.231
13.784067392349243 11.188 11.231
13.817131996154785 11.188 11.188
13.817520380020142 11.188 11.188
13.817520380020142 11.188 11.187
13.850698709487915 11.188 11.187
13.850698709487915 13.426 11.145
13.884051322937012 13.426 11.145
13.885040760040283 11.188 11.189
13.917656421661377 11.188 11.189
13.918462038040161 11.185 11.185
13.951195478439331 13.432 11.185
13.951762199401855 13.432 11.234
13.98421835899353 11.188 13.323
13.984953880310059 11.188 13.323
14.018046379089355 11.188 11.188
14.019049167633057 11.188 11.188
14.051719188690186 11.188 11.188
14.052719354629517 13.426 11.188
14.054713726043701 13.426 11.231
14.08466362953186 11.188 11.231
14.085627794265747 11.188 11.188
14.117934465408325 11.188 11.188
14.11893105506897 13.426 11.144
14.15212368965149 13.426 11.144
14.153126001358032 11.188 11.189
14.185346126556396 11.188 11.189
14.186347484588623 11.185 11.185
14.219167947769165 13.432 11.185
14.220173120498657 13.432 11.234
14.252413034439087 11.188 11.234
14.253421306610107 11.188 11.188
14.285563468933105 11.188 11.188
14.287564277648926 11.188 11.188
14.31981348991394 11.188 13.323
14.31981348991394 13.426 13.323
14.320813655853271 13.426 11.23
14.353348970413208 11.188 11.23
14.353348970413208 11.188 11.189
14.386430263519287 11.188 11.189
14.387402772903442 13.426 11.144
14.420172929763794 13.426 11.144
14.421172380447388 11.188 11.189
14.454171419143677 11.188 11.189
14.454757690429688 11.185 11.185
14.487467765808105 13.432 11.185
14.488466262817383 13.432 11.233
14.520873546600342 11.188 11.233
14.521873712539673 11.188 11.189
14.554550647735596 11.188 11.189
14.55554723739624 11.188 11.188
14.55654764175415 11.188 11.188
14.587483644485474 13.426 11.141
14.588456630706787 13.426 11.141
14.621634244918823 11.188 11.192
14.622312545776367 11.188 11.192
14.65544867515564 11.188 11.188
14.65544867515564 13.422 13.419
14.68889570236206 13.422 13.419
14.68889570236206 11.189 11.189
14.722038984298706 11.189 11.189
14.722994565963745 11.185 11.187
14.7558913230896 11.185 11.187
14.756887674331665 11.191 11.189
14.789352178573608 13.426 11.189
14.789352178573608 13.426 11.233
14.82292628288269 11.188 11.233
14.82311463356018 11.188 11.188
14.823722124099731 11.188 11.188
14.856632232666016 13.426 11.144
14.857094049453735 13.426 11.144
14.889442443847656 11.188 11.189
14.890445709228516 11.188 11.189
14.92369556427002 11.188 11.188
14.924024820327759 13.412 13.408
14.957141876220703 13.412 13.408
14.95809817314148 11.194 11.195
14.990212678909302 11.194 11.195
14.990893125534058 11.188 11.185
15.024077415466309 11.188 11.185
15.024760723114014 11.188 11.191
15.057887315750122 13.426 11.191
15.058220863342285 13.426 11.231
15.059221506118774 11.188 11.231
15.091135501861572 11.188 11.188
15.091135501861572 11.188 11.188
15.124262809753418 13.426 11.144
15.125263690948486 13.426 11.144
15.158430576324463 11.188 11.189
15.158791303634644 11.188 11.189
15.192037582397461 11.188 11.188
15.192037582397461 13.419 11.188
15.225392818450928 13.419 11.231
15.226390600204468 11.191 11.231
15.258995294570923 11.191 11.188
15.259425401687622 11.188 13.316
15.292310953140259 13.426 13.316
15.293034315109253 13.426 11.233
15.325772762298584 11.188 11.233
15.326011896133423 11.188 11.189
15.32701301574707 11.188 11.189
15.359372615814209 13.415 11.141
15.360375881195068 13.415 11.141
15.393084049224854 11.192 11.192
15.394081830978394 11.192 11.192
15.426256656646729 11.188 11.188
15.427061319351196 11.188 11.188
15.45965838432312 11.188 11.188
15.460663318634033 13.419 11.188
15.493474245071411 13.419 11.231
15.49446988105774 11.191 11.231
15.526933193206787 11.191 11.187
15.52793002128601 11.188 11.187
15.560150146484375 13.426 11.145
15.561152696609497 13.426 13.53
15.562146186828613 11.188 13.53
15.594058752059937 11.188 11.188
15.594058752059937 11.188 11.188
15.627652168273926 11.188 11.189
15.627652168273926 11.188 11.189
15.660643577575684 13.426 11.144
15.661640882492065 13.426 11.144
15.694185972213745 11.188 11.189
15.695183515548706 11.188 11.189
15.728373527526855 11.188 11.188
15.72880220413208 13.422 11.188
15.76144552230835 13.422 11.23
15.761958360671997 11.189 11.23
15.795130491256714 11.189 11.189
15.79689645767212 11.188 11.189
15.82778549194336 13.426 11.144
15.828936338424683 13.426 11.144
15.828936338424683 11.188 11.189
15.861583709716797 11.188 11.189
15.862624406814575 11.188 11.188
15.89589786529541 11.188 13.53
15.89589786529541 11.188 13.53
15.929487943649292 13.426 11.144
15.929986715316772 13.426 11.144
15.962895631790161 11.188 11.189
15.963218688964844 11.188 11.189
15.996660947799683 11.188 11.188
15.996975421905518 13.426 11.188
16.030248880386353 13.426 11.231
16.030736923217773 11.188 11.231
16.063461780548096 11.188 11.187
16.063847303390503 11.188 11.187
16.06484866142273 13.426 11.145
16.0967960357666 13.426 11.145
16.0967960357666 11.188 11.189
16.130589246749878 11.188 11.189
16.130589246749878 11.188 11.188
16.164121866226196 11.188 11.188
16.164121866226196 11.188 11.188
16.197766304016113 13.426 13.412
16.198187351226807 13.426 13.412
16.230918645858765 11.188 11.194
16.231627225875854 11.188 11.194
16.264216423034668 11.188 11.188
16.264918088912964 13.426 11.188
16.298174619674683 13.426 11.23
16.299171447753906 11.188 11.23
16.3319251537323 11.188 11.188
16.332584857940674 11.188 11.188
16.332584857940674 13.426 11.145
16.365257024765015 13.426 11.145
16.365257024765015 11.188 11.189
16.399177074432373 11.188 11.189
16.399177074432373 11.188 11.188
16.432245016098022 11.188 11.188
16.4329776763916 11.188 11.188
16.465765953063965 13.426 11.188
16.465765953063965 13.426 11.228
16.499731063842773 11.188 11.228
16.499920129776 11.188 11.189
16.532864809036255 11.188 13.327
16.533838033676147 13.426 13.327
16.566292762756348 13.426 11.23
16.567296504974365 11.188 11.23
16.567296504974365 11.188 11.189
16.599243879318237 11.188 11.189
16.600204944610596 11.188 11.188
16.63365650177002 11.188 11.188
16.63365650177002 13.426 11.144
16.666757583618164 13.426 11.144
16.66775870323181 11.187 11.187
16.700272798538208 11.187 11.187
16.70128083229065 11.189 11.189
16.73357367515564 13.426 11.189
16.735568046569824 13.426 11.23
16.767632961273193 11.188 11.23
16.76862668991089 11.188 11.189
16.800302743911743 11.188 13.316
16.80129861831665 13.426 13.316
16.834194898605347 13.426 11.234
16.83515763282776 11.188 11.234
16.836153745651245 11.188 11.188
16.868478059768677 11.188 11.188
16.869478702545166 11.188 11.189
16.901818990707397 11.188 11.189
16.9038188457489 13.426 11.144
16.935136318206787 13.426 11.144
16.936115264892578 11.187 11.187
16.969131231307983 11.187 11.187
16.97013235092163 11.189 11.189
17.001858711242676 13.426 11.189
17.002859592437744 13.426 11.233
17.035489797592163 11.188 11.233
17.036489248275757 11.188 11.187
17.069427967071533 11.188 11.187
17.070425987243652 13.426 11.142
17.071465492248535 13.426 11.142
17.102370500564575 11.188 11.192
17.103334665298462 11.188 11.192
17.136380434036255 11.188 11.188
17.137125492095947 13.422 13.422
17.169752597808838 13.422 13.422
17.169752597808838 11.189 11.188
17.203840732574463 11.189 11.188
17.20462441444397 11.185 11.187
17.236632108688354 11.185 11.187
17.237630128860474 11.191 11.191
17.27073049545288 13.426 11.191
17.27139115333557 13.426 11.23
17.30372190475464 11.188 11.23
17.30544376373291 11.188 11.189
17.33781099319458 11.188 11.189
17.33781099319458 13.426 11.142
17.33897829055786 13.426 11.142
17.37134313583374 11.188 11.191
17.372302293777466 11.188 11.191
17.40470004081726 11.188 11.188
17.405391693115234 13.426 11.188
17.438436031341553 13.426 11.23
17.438436031341553 11.188 13.327
17.471296787261963 11.188 13.327
17.47210431098938 11.185 11.185
17.505557775497437 11.185 11.185
17.50656247138977 11.191 11.191
17.53912591934204 13.426 11.191
17.539499521255493 13.426 11.23
17.572164297103882 11.188 11.23
17.572882652282715 11.188 11.189
17.573875188827515 11.188 11.189
17.60582208633423 13.426 11.141
17.60582208633423 13.426 11.141
17.639583826065063 11.188 11.192
17.640198230743408 11.188 11.192
17.672926664352417 11.188 11.188
17.673420190811157 13.412 11.188
17.7066752910614 13.412 11.23
17.707321405410767 11.194 11.23
17.74022340774536 11.194 11.188
17.741013050079346 11.187 11.188
17.773338317871094 11.187 11.188
17.77509045600891 11.189 11.188
17.80716586112976 13.426 11.145
17.80816388130188 13.426 11.145
17.84041690826416 11.188 11.189
17.841413497924805 11.188 13.53
17.841413497924805 11.188 13.53
17.87368679046631 13.426 11.144
17.874688863754272 13.426 11.144
17.907222270965576 11.188 11.189
17.9082248210907 11.188 11.189
17.94084668159485 11.188 11.188
17.941878080368042 11.188 11.188
17.974863052368164 11.188 11.188
17.974863052368164 13.426 11.188
18.007691383361816 13.426 11.23
18.00869846343994 11.188 11.23
18.041548490524292 11.188 11.188
18.04254174232483 11.188 11.188
18.074591636657715 13.426 11.145
18.07559847831726 13.426 11.145
18.07659101486206 11.188 11.189
18.108505964279175 11.188 11.189
18.109503030776978 11.188 11.188
18.14234948158264 13.426 13.422
18.14234948158264 13.426 13.422
18.17594003677368 11.188 11.189
18.17633032798767 11.188 11.189
18.209442377090454 11.188 11.188
18.209442377090454 13.419 11.188
18.243374586105347 13.419 11.231
18.244372606277466 11.191 11.231
18.275980949401855 11.191 11.188
18.277973175048828 11.188 11.188
18.309898853302002 11.188 11.188
18.310890913009644 11.188 11.188
18.34377384185791 13.426 11.144
18.34377384185791 13.426 11.144
18.34479856491089 11.188 11.189
18.377461910247803 11.188 11.189
18.377943992614746 11.188 11.188
18.41068935394287 13.426 13.412
18.411271333694458 13.426 13.412
18.44394326210022 11.188 11.194
18.445069074630737 11.188 11.194
18.477885484695435 11.188 11.188
18.478846549987793 11.188 11.188
18.510817050933838 11.188 11.188
18.51181435585022 13.426 11.188
18.544574737548828 13.426 11.231
18.54522204399109 11.188 11.231
18.578705310821533 11.188 11.188
18.579092025756836 11.188 11.188
18.580094575881958 13.426 11.144
18.611042976379395 13.426 11.144
18.612042665481567 11.188 11.189
18.645442724227905 11.188 11.189
18.645442724227905 11.188 11.188
18.67920446395874 13.426 11.188
18.680137872695923 13.426 11.228
18.712636709213257 11.188 11.228
18.713212490081787 11.188 11.189
18.74619221687317 11.188 11.189
18.746721029281616 13.419 11.144
18.779703855514526 13.419 11.144
18.780710458755493 11.191 11.191
18.813114404678345 11.191 13.53
18.8140971660614 11.188 13.53
18.846745014190674 13.426 11.144
18.847748279571533 13.426 11.144
18.84874725341797 11.188 11.189
18.88051152229309 11.188 11.189
18.88136315345764 11.188 11.188
18.913813591003418 11.188 11.188
18.914822340011597 11.188 11.188
18.94734263420105 13.426 11.188
18.94832420349121 13.426 11.228
18.980543851852417 11.188 11.228
18.98154854774475 11.188 11.191
19.01441788673401 11.188 11.191
19.01491141319275 13.426 11.142
19.047939777374268 13.426 11.142
19.047939777374268 11.188 11.191
19.08110737800598 11.188 11.191
19.082274913787842 11.188 11.185
19.083112955093384 11.188 11.185
19.114025354385376 11.188 11.191
19.11502504348755 13.426 13.422
19.1479811668396 13.426 13.422
19.148982286453247 11.188 11.189
19.181880235671997 11.188 11.189
19.181880235671997 11.188 11.188
19.214864015579224 13.426 11.188
19.215859413146973 13.426 11.228
19.24877119064331 11.188 11.228
19.24877119064331 11.188 11.189
19.281716108322144 11.188 11.189
19.28271222114563 13.426 11.144
19.315593481063843 13.426 11.144
19.315593481063843 11.188 11.191
19.34950017929077 11.188 11.191
19.34950017929077 11.188 11.185
19.350498914718628 11.188 11.185
19.38306188583374 11.188 11.191
19.383446216583252 13.426 11.191
19.41662335395813 13.426 11.231
19.41662335395813 11.188 13.323
19.44950222969055 11.188 13.323
19.45050048828125 11.188 11.188
19.483967781066895 13.426 11.188
19.483967781066895 13.426 11.228
19.51747989654541 11.188 11.228
19.517807245254517 11.188 11.191
19.55085039138794 11.188 11.191
19.552706718444824 11.188 11.188
19.5839364528656 11.188 11.188
19.585827827453613 13.426 11.144
19.586822271347046 13.426 11.144
19.617736339569092 11.188 11.187
19.618733406066895 13.426 11.187
19.6517117023468 13.426 11.234
19.6517117023468 11.188 11.234
19.685035467147827 11.188 11.188
19.685797691345215 11.187 11.188
19.7186381816864 11.187 11.188
19.71897792816162 11.185 13.313
19.75135374069214 13.436 13.313
19.752301454544067 13.436 11.233
19.785248279571533 11.188 11.233
19.785248279571533 11.188 11.191
19.81896162033081 11.188 11.191
19.81896162033081 13.426 11.141
19.852095127105713 13.426 11.141
19.852095127105713 11.188 11.192
19.853092432022095 11.188 11.192
19.885557174682617 11.188 11.188
19.886554956436157 11.188 11.188
19.919885873794556 11.188 11.188
19.920246839523315 13.426 11.188
19.953545570373535 13.426 11.231
19.953545570373535 11.185 11.231
19.986950397491455 11.185 11.188
19.987311124801636 11.191 11.188
20.020262241363525 13.426 11.144
20.020623922348022 13.426 11.144
20.053861141204834 11.188 11.189
20.05420446395874 11.188 13.53
20.087464809417725 11.188 13.53
20.088454008102417 11.188 11.187
20.08949589729309 11.188 11.187
20.120373249053955 13.426 11.145
20.12137222290039 13.426 11.145
20.154518365859985 11.188 11.189
20.155481815338135 11.188 11.189
20.187255382537842 11.188 11.188
20.188180685043335 13.426 11.188
20.22165083885193 13.426 11.231
20.222658157348633 11.185 11.231
20.25447726249695 11.185 11.187
20.256470441818237 11.191 11.187
20.28830337524414 13.426 11.145
20.29030728340149 13.426 11.145
20.322224378585815 11.188 11.189
20.3232364654541 11.188 11.189
20.355544328689575 11.188 11.188
20.356539487838745 11.188 11.188
20.357537746429443 11.188 11.188
20.389390468597412 13.426 11.188
20.389390468597412 13.426 11.231
20.422670364379883 11.188 13.323
20.42366600036621 11.188 13.323
20.45600438117981 11.188 11.188
20.456969499588013 13.426 11.188
20.48983669281006 13.426 11.231
20.48983669281006 11.187 11.231
20.52317476272583 11.187 11.188
20.524173498153687 11.189 11.188
20.556731939315796 11.189 11.188
20.55773091316223 11.188 11.188
20.589714527130127 13.426 11.144
20.590707540512085 13.426 11.144
20.591743230819702 11.188 11.189
20.623657941818237 11.188 11.189
20.623657941818237 11.188 11.188
20.657515287399292 13.426 11.188
20.657896280288696 13.426 11.231
20.690932989120483 11.188 11.231
20.691920042037964 11.188 11.185
20.72371745109558 11.188 13.33
20.725754261016846 13.426 13.33
20.758097410202026 13.426 11.23
20.759100675582886 11.185 11.23
20.790859937667847 11.185 11.189
20.79185652732849 11.191 11.189
20.824023962020874 11.191 11.187
20.825026750564575 11.188 11.187
20.858831644058228 13.426 11.145
20.859071493148804 13.426 11.145
20.86007332801819 11.188 11.189
20.892035007476807 11.188 11.189
20.892035007476807 11.188 11.188
20.924946784973145 13.426 11.188
20.925944566726685 13.426 11.231
20.958231687545776 11.188 11.231
20.959229230880737 11.188 11.185
20.992968559265137 11.188 11.185
20.992968559265137 13.426 11.147
21.02608370780945 13.426 11.147
21.026410341262817 11.188 11.187
21.06003212928772 11.188 11.187
21.06031346321106 11.188 11.191
21.09314751625061 11.188 13.519
21.093515872955322 11.188 13.519
21.093981504440308 13.426 11.148
21.12589740753174 13.426 11.148
21.12699818611145 11.188 11.189
21.16014814376831 11.188 11.189
21.160542011260986 11.188 11.188
21.193708896636963 13.426 11.188
21.193708896636963 13.426 11.231
21.2276349067688 11.188 11.231
21.2276349067688 11.188 11.185
21.261017560958862 11.188 11.185
21.261017560958862 11.188 11.191
21.29458236694336 11.188 11.191
21.295098304748535 13.426 11.141
21.328111171722412 13.426 11.141
21.32986068725586 11.188 11.192
21.361824989318848 11.188 11.192
21.362837314605713 11.188 11.185
21.364825010299683 13.426 11.185
21.39487099647522 13.426 11.233
21.395864963531494 11.188 13.316
21.428727865219116 11.188 13.316
21.42972993850708 11.188 11.192
21.46143388748169 13.426 11.192
21.46243166923523 13.426 11.23
21.495838165283203 11.188 11.23
21.496833324432373 11.188 11.187
21.529046773910522 11.188 11.187
21.529046773910522 11.188 11.189
21.562123775482178 11.188 11.189
21.563121795654297 13.426 11.144
21.595542907714844 13.426 11.144
21.596505641937256 11.188 11.191
21.59749960899353 11.188 11.191
21.62941551208496 11.188 11.185
21.62941551208496 13.426 11.185
21.66304349899292 13.426 11.234
21.66304349899292 11.188 11.234
21.69651985168457 11.188 11.187
21.69651985168457 11.187 11.187
21.729978322982788 11.187 11.189
21.730973958969116 11.189 11.189
21.76372241973877 13.426 11.144
21.76440167427063 13.426 11.144
21.7969868183136 11.188 11.189
21.797990322113037 11.188 13.53
21.830371856689453 11.188 13.53
21.831368923187256 13.426 11.141
21.86389946937561 13.426 11.141
21.86584711074829 11.188 11.192
21.867840051651 11.188 11.192
21.897398471832275 11.188 11.188
21.898396015167236 13.426 11.188
21.931576013565063 13.426 11.231
21.93225860595703 11.188 11.231
21.9647274017334 11.188 11.188
21.965726375579834 11.185 11.188
21.99842643737793 13.432 11.144
21.99842643737793 13.432 11.144
22.0315945148468 11.188 11.189
22.03245997428894 11.188 11.189
22.06581163406372 11.188 11.188
22.06680703163147 11.188 11.188
22.09868025779724 11.188 11.188
22.09963321685791 13.426 13.408
22.09963321685791 13.426 13.408
22.132575750350952 11.188 11.195
22.132575750350952 11.188 11.195
22.166460037231445 11.188 11.188
22.166841745376587 13.426 11.188
22.200071811676025 13.426 11.231
22.200439453125 11.188 11.231
22.233442306518555 11.188 11.188
22.233858585357666 11.185 11.188
22.26692509651184 11.185 11.187
22.26768660545349 11.191 11.187
22.300145864486694 13.426 11.145
22.300840377807617 13.426 11.145
22.334181547164917 11.188 11.189
22.33518385887146 11.188 11.189
22.366647481918335 11.188 11.188
22.367644786834717 13.426 11.188
22.36963701248169 13.426 11.231
22.40059995651245 11.188 13.323
22.401551961898804 11.188 13.323
22.43446183204651 11.188 11.188
22.43446183204651 13.426 11.188
22.468281745910645 13.426 11.23
22.468281745910645 11.188 11.23
22.50180435180664 11.188 11.189
22.502360105514526 11.185 11.189
22.53541135787964 13.432 11.144
22.53631067276001 13.432 11.144
22.56834650039673 11.188 11.189
22.56834650039673 11.188 11.189
22.60194706916809 11.188 11.188
22.60394287109375 11.188 11.188
22.6059410572052 11.188 11.188
22.63490581512451 13.426 11.188
22.63586664199829 13.426 11.23
22.669543027877808 11.188 11.23
22.669543027877808 11.188 11.188
22.702311277389526 11.188 11.188
22.703314304351807 13.422 11.144
22.736356258392334 13.422 13.533
22.73735284805298 11.189 13.533
22.769709587097168 11.189 11.188
22.771714210510254 11.185 11.188
22.802938222885132 11.185 11.189
22.80592918395996 11.191 11.189
22.83584761619568 13.426 11.144
22.836845874786377 13.426 11.144
22.869757175445557 11.188 11.189
22.870755434036255 11.188 11.189
22.870755434036255 11.188 11.188
22.90366554260254 13.426 11.188
22.90366554260254 13.426 11.231
22.936626195907593 11.188 11.231
22.93761110305786 11.188 11.188
22.97048807144165 11.188 11.188
22.97148585319519 13.419 11.142
23.004398107528687 13.419 11.142
23.004398107528687 11.191 11.189
23.037914991378784 11.191 11.189
23.037914991378784 11.188 11.187
23.07082772254944 11.188 11.187
23.07188057899475 11.188 11.191
23.104344606399536 13.426 13.422
23.105342626571655 13.426 13.422
23.105342626571655 11.188 11.189
23.138089179992676 11.188 11.189
23.139052152633667 11.188 11.188
23.17163062095642 13.426 11.188
23.172628164291382 13.426 11.231
23.204983711242676 11.188 11.231
23.205947637557983 11.188 11.188
23.239218711853027 11.188 11.188
23.239572286605835 11.188 11.185
23.272991180419922 11.188 11.185
23.272991180419922 13.426 11.147
23.306238651275635 13.426 11.147
23.3072407245636 11.188 11.187
23.34002184867859 11.188 11.187
23.34036660194397 11.188 11.191
23.373432397842407 13.426 11.191
23.37371015548706 13.426 11.231
23.374712228775024 11.188 11.231
