TIEMPO W_MR W_ML (seg rad/s)
7.435100078582764 0.0 0.0
7.436038970947266 0.0 0.0
7.436038970947266 0.0 0.0
7.43703556060791 0.0 0.0
7.43703556060791 0.0 0.0
7.43703556060791 0.0 0.0
7.438276052474976 0.0 0.0
7.438276052474976 0.0 0.0
7.439276456832886 0.0 0.0
7.439276456832886 0.0 0.0
7.439276456832886 0.0 0.0
7.440291166305542 0.0 0.0
7.440291166305542 0.0 0.0
7.440291166305542 0.0 0.0
7.441295385360718 0.0 0.0
7.441295385360718 0.0 0.0
7.441295385360718 0.0 0.0
7.442268133163452 0.0 0.0
7.442268133163452 0.0 0.0
7.442268133163452 0.0 0.0
7.442268133163452 0.0 0.0
7.443264961242676 0.0 0.0
7.443264961242676 0.0 0.0
7.444262266159058 0.0 0.0
7.444262266159058 0.0 0.0
7.444262266159058 0.0 0.0
7.445260286331177 0.0 0.0
7.445260286331177 0.0 0.0
7.445260286331177 0.0 0.0
7.446258068084717 0.0 0.0
7.446258068084717 0.0 0.0
7.446258068084717 0.0 0.0
7.447279214859009 0.0 0.0
7.447279214859009 0.0 0.0
7.447279214859009 0.0 0.0
7.447279214859009 0.0 0.0
7.448252201080322 0.0 0.0
7.448252201080322 0.0 0.0
7.448252201080322 0.0 0.0
7.449281692504883 0.0 0.0
7.449281692504883 0.0 0.0
7.449281692504883 0.0 0.0
7.449281692504883 0.0 0.0
7.450247526168823 0.0 0.0
7.450247526168823 0.0 0.0
7.451244831085205 0.0 0.0
7.451244831085205 0.0 0.0
7.451244831085205 0.0 0.0
7.452266693115234 0.0 0.0
7.452266693115234 0.0 0.0
7.452266693115234 0.0 0.0
7.452266693115234 0.0 0.0
7.453263759613037 0.0 0.0
7.453263759613037 0.0 0.0
7.453263759613037 0.0 0.0
7.453263759613037 0.0 0.0
7.454262018203735 0.0 0.0
7.454262018203735 0.0 0.0
7.454262018203735 0.0 0.0
7.455257892608643 0.0 0.0
7.455257892608643 0.0 0.0
7.455257892608643 0.0 0.0
7.455257892608643 0.0 0.0
7.4562578201293945 0.0 0.0
7.4562578201293945 0.0 0.0
7.4562578201293945 0.0 0.0
7.457252502441406 0.0 0.0
7.457252502441406 0.0 0.0
7.457252502441406 0.0 0.0
7.45822548866272 0.0 0.0
7.45822548866272 0.0 0.0
7.45822548866272 0.0 0.0
7.45822548866272 0.0 0.0
7.459223508834839 0.0 0.0
7.459223508834839 0.0 0.0
7.459223508834839 0.0 0.0
7.4602203369140625 0.0 0.0
7.4602203369140625 0.0 0.0
7.4602203369140625 0.0 0.0
7.461242437362671 0.0 0.0
7.461242437362671 0.0 0.0
7.461242437362671 0.0 0.0
7.461242437362671 0.0 0.0
7.462240695953369 0.0 0.0
7.462240695953369 0.0 0.0
7.462240695953369 0.0 0.0
7.4632368087768555 0.0 0.0
7.4632368087768555 0.0 0.0
7.4632368087768555 0.0 0.0
7.4632368087768555 0.0 0.0
7.464235305786133 0.0 0.0
7.464235305786133 0.0 0.0
7.464235305786133 0.0 0.0
7.464235305786133 0.0 0.0
7.46523118019104 0.0 0.0
7.46523118019104 0.0 0.0
7.466204881668091 0.0 0.0
7.466204881668091 0.0 0.0
7.466204881668091 0.0 0.0
7.466204881668091 0.0 0.0
7.4672017097473145 0.0 0.0
7.4672017097473145 0.0 0.0
7.4672017097473145 0.0 0.0
7.468199968338013 0.0 0.0
7.468199968338013 0.0 0.0
7.468199968338013 0.0 0.0
7.469196319580078 0.0 0.0
7.469196319580078 0.0 0.0
7.469196319580078 0.0 0.0
7.469196319580078 0.0 0.0
7.470219373703003 0.0 0.0
7.470219373703003 0.0 0.0
7.470219373703003 0.0 0.0
7.471215724945068 0.0 0.0
7.471215724945068 0.0 0.0
7.471215724945068 0.0 0.0
7.471215724945068 0.0 0.0
7.472214221954346 0.0 0.0
7.472214221954346 0.0 0.0
7.472214221954346 0.0 0.0
7.472214221954346 0.0 0.0
7.473211288452148 0.0 0.0
7.473211288452148 0.0 0.0
7.473211288452148 0.0 0.0
7.474208354949951 0.0 0.0
7.474208354949951 0.0 0.0
7.474208354949951 0.0 0.0
7.475181579589844 0.0 0.0
7.475181579589844 0.0 0.0
7.475181579589844 0.0 0.0
7.476177930831909 0.0 0.0
7.476177930831909 0.0 0.0
7.476177930831909 0.0 0.0
7.476177930831909 0.0 0.0
7.477200269699097 0.0 0.0
7.477200269699097 0.0 0.0
7.477200269699097 0.0 0.0
7.478198051452637 0.0 0.0
7.478198051452637 0.0 0.0
7.478198051452637 0.0 0.0
7.478198051452637 0.0 0.0
7.479193925857544 0.0 0.0
7.479193925857544 0.0 0.0
7.479193925857544 0.0 0.0
7.48016619682312 0.0 0.0
7.48016619682312 0.0 0.0
7.48016619682312 0.0 0.0
7.48016619682312 0.0 0.0
7.481190204620361 0.0 0.0
7.481190204620361 0.0 0.0
7.481190204620361 0.0 0.0
7.482187271118164 0.0 0.0
7.482187271118164 0.0 0.0
7.482187271118164 0.0 0.0
7.483158588409424 0.0 0.0
7.483158588409424 0.0 0.0
7.483158588409424 0.0 0.0
7.483158588409424 0.0 0.0
7.484156608581543 0.0 0.0
7.484156608581543 0.0 0.0
7.485179662704468 0.0 0.0
7.485179662704468 0.0 0.0
7.485179662704468 0.0 0.0
7.485179662704468 0.0 0.0
7.486178159713745 0.0 0.0
7.486178159713745 0.0 0.0
7.486178159713745 0.0 0.0
7.487147569656372 0.0 0.0
7.487147569656372 0.0 0.0
7.487147569656372 0.0 0.0
7.487147569656372 0.0 0.0
7.488172292709351 0.0 0.0
7.488172292709351 0.0 0.0
7.488172292709351 0.0 0.0
7.489169120788574 0.0 0.0
7.489169120788574 0.0 0.0
7.489169120788574 0.0 0.0
7.489169120788574 0.0 0.0
7.490164518356323 0.0 0.0
7.490164518356323 0.0 0.0
7.490164518356323 0.0 0.0
7.491163492202759 0.0 0.0
7.491163492202759 0.0 0.0
7.491163492202759 0.0 0.0
7.491163492202759 0.0 0.0
7.4921345710754395 0.0 0.0
7.4921345710754395 0.0 0.0
7.493131875991821 0.0 0.0
7.493131875991821 0.0 0.0
7.493131875991821 0.0 0.0
7.493131875991821 0.0 0.0
7.4941565990448 0.0 0.0
7.4941565990448 0.0 0.0
7.4941565990448 0.0 0.0
7.495227336883545 0.0 0.0
7.495227336883545 0.0 0.0
7.495227336883545 0.0 0.0
7.496124267578125 0.0 0.0
7.496124267578125 0.0 0.0
7.496124267578125 0.0 0.0
7.496124267578125 0.0 0.0
7.497147083282471 0.0 0.0
7.497147083282471 0.0 0.0
7.497147083282471 0.0 0.0
7.497147083282471 0.0 0.0
7.498144149780273 0.0 0.0
7.498144149780273 0.0 0.0
7.498144149780273 0.0 0.0
7.499142408370972 0.0 0.0
7.499142408370972 0.0 0.0
7.499142408370972 0.0 0.0
7.5001137256622314 0.0 0.0
7.5001137256622314 0.0 0.0
7.5001137256622314 0.0 0.0
7.501110553741455 0.0 0.0
7.501110553741455 0.0 0.0
7.501110553741455 0.0 0.0
7.501110553741455 0.0 0.0
7.502134561538696 0.0 0.0
7.502134561538696 0.0 0.0
7.502134561538696 0.0 0.0
7.503130197525024 0.0 0.0
7.503130197525024 0.0 0.0
7.503130197525024 0.0 0.0
7.503130197525024 0.0 0.0
7.504130601882935 0.0 0.0
7.504130601882935 0.0 0.0
7.504130601882935 0.0 0.0
7.50512433052063 0.0 0.0
7.50512433052063 0.0 0.0
7.50512433052063 0.0 0.0
7.50512433052063 0.0 0.0
7.506121873855591 0.0 0.0
7.506121873855591 0.0 0.0
7.506121873855591 0.0 0.0
7.507094621658325 0.0 0.0
7.507094621658325 0.0 0.0
7.507094621658325 0.0 0.0
7.507094621658325 0.0 0.0
7.508091688156128 0.0 0.0
7.508091688156128 0.0 0.0
7.508091688156128 0.0 0.0
7.509090423583984 0.0 0.0
7.509090423583984 0.0 0.0
7.509090423583984 0.0 0.0
7.510087490081787 0.0 0.0
7.510087490081787 0.0 0.0
7.510087490081787 0.0 0.0
7.511084794998169 0.0 0.0
7.511084794998169 0.0 0.0
7.511084794998169 0.0 0.0
7.511084794998169 0.0 0.0
7.512108564376831 0.0 0.0
7.512108564376831 0.0 0.0
7.512108564376831 0.0 0.0
7.513108491897583 0.0 0.0
7.513108491897583 0.0 0.0
7.513108491897583 0.0 0.0
7.513108491897583 0.0 0.0
7.5141003131866455 0.0 0.0
7.5141003131866455 0.0 0.0
7.5141003131866455 0.0 0.0
7.5141003131866455 0.0 0.0
7.515099763870239 0.0 0.0
7.515099763870239 0.0 0.0
7.515099763870239 0.0 0.0
7.516096353530884 0.0 0.0
7.516096353530884 0.0 0.0
7.516096353530884 0.0 0.0
7.517068147659302 0.0 0.0
7.517068147659302 0.0 0.0
7.517068147659302 0.0 0.0
7.517068147659302 0.0 0.0
7.518092632293701 0.0 0.0
7.518092632293701 0.0 0.0
7.518092632293701 0.0 0.0
7.519062757492065 0.0 0.0
7.519062757492065 0.0 0.0
7.519062757492065 0.0 0.0
7.519062757492065 0.0 0.0
7.520086050033569 0.0 0.0
7.520086050033569 0.0 0.0
7.520086050033569 0.0 0.0
7.521057605743408 0.0 0.0
7.521057605743408 0.0 0.0
7.521057605743408 0.0 0.0
7.521057605743408 0.0 0.0
7.522082090377808 0.0 0.0
7.522082090377808 0.0 0.0
7.522082090377808 0.0 0.0
7.522082090377808 0.0 0.0
7.523078203201294 0.0 0.0
7.523078203201294 0.0 0.0
7.523078203201294 0.0 0.0
7.52407431602478 0.0 0.0
7.52407431602478 0.0 0.0
7.52407431602478 0.0 0.0
7.525047302246094 0.0 0.0
7.525047302246094 0.0 0.0
7.525047302246094 0.0 0.0
7.526044607162476 0.0 0.0
7.526044607162476 0.0 0.0
7.526044607162476 0.0 0.0
7.527066707611084 0.0 0.0
7.527066707611084 0.0 0.0
7.527066707611084 0.0 0.0
7.528064727783203 0.0 0.0
7.528064727783203 0.0 0.0
7.528064727783203 0.0 0.0
7.528064727783203 0.0 0.0
7.529060363769531 0.0 0.0
7.529060363769531 0.0 0.0
7.529060363769531 0.0 0.0
7.530057907104492 0.0 0.0
7.530057907104492 0.0 0.0
7.530057907104492 0.0 0.0
7.530057907104492 0.0 0.0
7.531056642532349 0.0 0.0
7.531056642532349 0.0 0.0
7.531056642532349 0.0 0.0
7.532052993774414 0.0 0.0
7.532052993774414 0.0 0.0
7.532052993774414 0.0 0.0
7.532052993774414 0.0 0.0
7.533024787902832 0.0 0.0
7.533024787902832 0.0 0.0
7.533024787902832 0.0 0.0
7.534023761749268 0.0 0.0
7.534023761749268 0.0 0.0
7.534023761749268 0.0 0.0
7.535045146942139 0.0 0.0
7.535045146942139 0.0 0.0
7.535045146942139 0.0 0.0
7.535045146942139 0.0 0.0
7.536017894744873 0.0 0.0
7.536017894744873 0.0 0.0
7.536017894744873 0.0 0.0
7.537039756774902 0.0 0.0
7.537039756774902 0.0 0.0
7.537039756774902 0.0 0.0
7.537039756774902 0.0 0.0
7.538037061691284 0.0 0.0
7.538037061691284 0.0 0.0
7.538037061691284 0.0 0.0
7.5390355587005615 0.0 0.0
7.5390355587005615 0.0 0.0
7.5390355587005615 0.0 0.0
7.5390355587005615 0.0 0.0
7.540128707885742 0.0 0.0
7.540128707885742 0.0 0.0
7.540128707885742 0.0 0.0
7.541037559509277 0.0 0.0
7.541037559509277 0.0 0.0
7.541037559509277 0.0 0.0
7.542001962661743 0.0 0.0
7.542001962661743 0.0 0.0
7.542001962661743 0.0 0.0
7.542999267578125 0.0 0.0
7.542999267578125 0.0 0.0
7.542999267578125 0.0 0.0
7.542999267578125 0.0 0.0
7.544023036956787 0.0 0.0
7.544023036956787 0.0 0.0
7.544023036956787 0.0 0.0
7.544023036956787 0.0 0.0
7.545018672943115 0.0 0.0
7.545018672943115 0.0 0.0
7.545018672943115 0.0 0.0
7.546015501022339 0.0 0.0
7.546015501022339 0.0 0.0
7.546015501022339 0.0 0.0
7.546015501022339 0.0 0.0
7.547013521194458 0.0 0.0
7.547013521194458 0.0 0.0
7.547013521194458 0.0 0.0
7.548010349273682 0.0 0.0
7.548010349273682 0.0 0.0
7.548010349273682 0.0 0.0
7.548010349273682 0.0 0.0
7.54901647567749 0.0 0.0
7.54901647567749 0.0 0.0
7.54901647567749 0.0 0.0
7.5499794483184814 0.0 0.0
7.5499794483184814 0.0 0.0
7.5499794483184814 0.0 0.0
7.550978422164917 0.0 0.0
7.550978422164917 0.0 0.0
7.550978422164917 0.0 0.0
7.552001476287842 0.0 0.0
7.552001476287842 0.0 0.0
7.552001476287842 0.0 0.0
7.552001476287842 0.0 0.0
7.55299973487854 0.0 0.0
7.55299973487854 0.0 0.0
7.55299973487854 0.0 0.0
7.55299973487854 0.0 0.0
7.5539937019348145 0.0 0.0
7.5539937019348145 0.0 0.0
7.5539937019348145 0.0 0.0
7.554993152618408 0.0 0.0
7.554993152618408 0.0 0.0
7.554993152618408 0.0 0.0
7.554993152618408 0.0 0.0
7.555994272232056 0.0 0.0
7.555994272232056 0.0 0.0
7.555994272232056 0.0 0.0
7.5569939613342285 0.0 0.0
7.5569939613342285 0.0 0.0
7.5569939613342285 0.0 0.0
7.5569939613342285 0.0 0.0
7.557960033416748 0.0 0.0
7.557960033416748 0.0 0.0
7.557960033416748 0.0 0.0
7.558957099914551 0.0 0.0
7.558957099914551 0.0 0.0
7.558957099914551 0.0 0.0
7.559953689575195 0.0 0.0
7.559953689575195 0.0 0.0
7.559953689575195 0.0 0.0
7.56098484992981 0.0 0.0
7.56098484992981 0.0 0.0
7.56098484992981 0.0 0.0
7.56098484992981 0.0 0.0
7.56198263168335 0.0 0.0
7.56198263168335 0.0 0.0
7.56198263168335 0.0 0.0
7.56198263168335 0.0 0.0
7.562980890274048 0.0 0.0
7.562980890274048 0.0 0.0
7.562980890274048 0.0 0.0
7.563976287841797 0.0 0.0
7.563976287841797 0.0 0.0
7.563976287841797 0.0 0.0
7.563976287841797 0.0 0.0
7.564976930618286 0.0 0.0
7.564976930618286 0.0 0.0
7.564976930618286 0.0 0.0
7.565971374511719 0.0 0.0
7.565971374511719 0.0 0.0
7.565971374511719 0.0 0.0
7.5669355392456055 0.0 0.0
7.5669355392456055 0.0 0.0
7.5669355392456055 0.0 0.0
7.567932605743408 0.0 0.0
7.567932605743408 0.0 0.0
7.567932605743408 0.0 0.0
7.568929433822632 0.0 0.0
7.568929433822632 0.0 0.0
7.568929433822632 0.0 0.0
7.569951295852661 0.0 0.0
7.569951295852661 0.0 0.0
7.569951295852661 0.0 0.0
7.570923328399658 0.0 0.0
7.570923328399658 0.0 0.0
7.570923328399658 0.0 0.0
7.5719215869903564 0.0 0.0
7.5719215869903564 0.0 0.0
7.5719215869903564 0.0 0.0
7.572923183441162 0.0 0.0
7.572923183441162 0.0 0.0
7.572923183441162 0.0 0.0
7.57391619682312 0.0 0.0
7.57391619682312 0.0 0.0
7.57391619682312 0.0 0.0
7.574912786483765 0.0 0.0
7.574912786483765 0.0 0.0
7.574912786483765 0.0 0.0
7.575911521911621 0.0 0.0
7.575911521911621 0.0 0.0
7.575911521911621 0.0 0.0
7.576908349990845 0.0 0.0
7.5772504806518555 0.0 0.0
7.5772504806518555 0.0 0.0
7.5772504806518555 0.0 0.0
7.578284978866577 0.0 0.0
7.578284978866577 0.0 0.0
7.5792481899261475 0.0 0.0
7.5792481899261475 0.0 0.0
7.5792481899261475 0.0 0.0
7.580245494842529 0.0 0.0
7.580245494842529 0.0 0.0
7.580245494842529 0.0 0.0
7.580245494842529 0.0 0.0
7.581244230270386 0.0 0.0
7.581244230270386 0.0 0.0
7.618807315826416 0.0 0.0
7.648747205734253 0.0 0.0
7.649705648422241 0.0 0.0
7.682261943817139 0.0 0.0
7.683264255523682 0.0 0.0
7.716460704803467 0.0 0.0
7.717464208602905 0.0 0.0
7.717464208602905 0.0 0.0
7.7496724128723145 0.0 0.0
7.750587701797485 0.0 0.0
7.7834227085113525 0.0 0.0
7.7834227085113525 0.0 0.0
7.784418821334839 0.0 0.0
7.816868782043457 0.0 0.0
7.817277431488037 0.0 0.0
7.8506388664245605 0.0 0.0
7.851635456085205 0.0 0.0
7.852633237838745 0.0 0.0
7.883575201034546 0.0 0.0
7.885565757751465 0.0 0.589
7.917172193527222 0.567 0.589
7.9191319942474365 0.567 0.589
7.920124769210815 0.567 0.589
7.951111316680908 0.567 0.589
7.952109098434448 0.567 0.589
7.984812021255493 0.567 0.589
7.985539674758911 0.567 0.589
7.986540079116821 0.567 0.589
8.018149852752686 0.567 0.589
8.019155263900757 0.567 0.589
8.051467180252075 0.567 0.589
8.051467180252075 0.567 0.589
8.052475929260254 0.567 0.589
8.085342645645142 0.567 0.589
8.085342645645142 0.567 0.589
8.118903875350952 0.567 0.589
8.118903875350952 0.567 0.589
8.151777744293213 0.567 0.589
8.152731895446777 0.567 0.589
8.152731895446777 0.567 0.589
8.185636758804321 0.567 0.589
8.186635732650757 0.738 0.589
8.219700574874878 0.738 0.589
8.220093011856079 0.738 0.645
8.221098899841309 0.738 0.645
8.253050088882446 0.738 0.645
8.253366470336914 0.738 0.645
8.286664009094238 0.738 0.645
8.287545919418335 0.738 0.645
8.2885422706604 0.738 0.645
8.319475412368774 0.738 0.645
8.320513486862183 0.738 0.645
8.353399276733398 0.738 0.645
8.354389190673828 0.738 0.645
8.35539197921753 0.738 0.645
8.387150764465332 0.738 0.645
8.387922286987305 0.738 0.645
8.420785903930664 0.738 0.645
8.421741485595703 0.738 0.645
8.422700643539429 0.738 0.645
8.453622817993164 0.738 0.645
8.454591512680054 0.738 0.645
8.487366199493408 0.738 0.645
8.488329410552979 0.738 0.645
8.488329410552979 0.674 0.645
8.521240234375 0.674 0.645
8.521240234375 0.674 0.674
8.55486798286438 0.674 0.674
8.55486798286438 0.674 0.674
8.588725328445435 0.674 0.674
8.588941812515259 0.674 0.674
8.588941812515259 0.674 0.674
8.621509075164795 0.674 0.674
8.621509075164795 0.674 0.674
8.65535831451416 0.674 0.674
8.655975341796875 0.674 0.674
8.655975341796875 0.674 0.674
8.689262866973877 0.674 0.674
8.68968415260315 0.674 0.674
8.722793817520142 0.674 0.674
8.72379183769226 0.674 0.674
8.724788188934326 0.674 0.674
8.755794763565063 0.674 0.674
8.755794763565063 0.674 0.674
8.788705587387085 0.674 0.674
8.789783239364624 0.674 0.674
8.790666818618774 0.704 0.674
8.822619199752808 0.704 0.674
8.823578357696533 0.704 0.674
8.85680890083313 0.704 0.674
8.85680890083313 0.704 0.645
8.857844829559326 0.704 0.645
8.890448570251465 0.704 0.645
8.891451120376587 0.704 0.645
8.923434019088745 0.704 0.645
8.92439889907837 0.704 0.645
8.92439889907837 0.704 0.645
8.956344366073608 0.704 0.645
8.957356452941895 0.704 0.645
8.990249156951904 0.704 0.645
8.99125075340271 0.704 0.645
9.024057388305664 0.704 0.645
9.024057388305664 0.704 0.645
9.025055170059204 0.704 0.645
9.056952953338623 0.704 0.645
9.057953834533691 0.704 0.645
9.09094786643982 0.704 0.645
9.091953754425049 0.738 0.645
9.091953754425049 0.738 0.645
9.124702453613281 0.738 0.645
9.125662565231323 0.738 0.645
9.158707857131958 0.738 0.645
9.159038066864014 0.738 0.645
9.160075187683105 0.738 0.674
9.192087411880493 0.738 0.674
9.192639350891113 0.738 0.674
9.22476577758789 0.738 0.674
9.226711750030518 0.738 0.674
9.227710723876953 0.738 0.674
9.258598327636719 0.738 0.674
9.260594844818115 0.738 0.674
9.2925705909729 0.738 0.674
9.2925705909729 0.738 0.674
9.293568849563599 0.738 0.674
9.325660705566406 0.738 0.674
9.326599359512329 0.738 0.674
9.359670162200928 0.738 0.674
9.359670162200928 0.738 0.674
9.360629320144653 0.738 0.674
9.392574548721313 0.704 0.674
9.393539667129517 0.704 0.674
9.42694878578186 0.704 0.674
9.427260398864746 0.704 0.674
9.460293531417847 0.704 0.674
9.460585832595825 0.704 0.674
9.460585832595825 0.704 0.674
9.494029760360718 0.704 0.674
9.494029760360718 0.704 0.645
9.527147769927979 0.704 0.645
9.527147769927979 0.704 0.645
9.528148412704468 0.704 0.645
9.560848712921143 0.704 0.645
9.561853885650635 0.704 0.645
9.594146966934204 0.704 0.645
9.594788551330566 0.704 0.645
9.59574842453003 0.704 0.645
9.627800941467285 0.704 0.645
9.628403186798096 0.704 0.645
9.6614670753479 0.704 0.645
9.662287473678589 0.704 0.645
9.66328501701355 0.704 0.645
9.694921016693115 0.704 0.645
9.695686340332031 0.704 0.645
9.728327751159668 0.704 0.645
9.729360580444336 0.704 0.645
9.729360580444336 0.704 0.645
9.761534929275513 0.704 0.645
9.762531995773315 0.704 0.645
9.79564094543457 0.704 0.645
9.796639442443848 0.704 0.645
9.797637224197388 0.704 0.674
9.828582048416138 0.704 0.674
9.829549551010132 0.704 0.674
9.862853288650513 0.704 0.674
9.862853288650513 0.704 0.674
9.896263360977173 0.704 0.674
9.896263360977173 0.704 0.674
9.897265434265137 0.704 0.674
9.929927349090576 0.704 0.674
9.931920051574707 0.704 0.674
9.962982654571533 0.704 0.674
9.962982654571533 0.704 0.674
9.963979721069336 0.704 0.674
9.996978282928467 0.704 0.674
9.996978282928467 0.704 0.674
10.029652833938599 0.704 0.674
10.03032636642456 0.704 0.674
10.031320095062256 0.704 0.674
10.063825607299805 0.704 0.674
10.064818620681763 0.704 0.674
10.0972580909729 0.704 0.674
10.098264932632446 0.704 0.674
10.098609209060669 0.704 0.674
10.130839109420776 0.704 0.674
10.13284182548523 0.704 0.674
10.16447925567627 0.704 0.674
10.16547441482544 0.704 0.674
10.166476488113403 0.704 0.674
10.198348045349121 0.704 0.674
10.199300289154053 0.704 0.674
10.230720043182373 0.704 0.674
10.232725858688354 0.704 0.674
10.233719825744629 0.704 0.674
10.264636516571045 0.704 0.674
10.264636516571045 0.738 0.674
10.2986421585083 0.738 0.674
10.2986421585083 0.738 0.674
10.331676483154297 0.738 0.674
10.331676483154297 0.738 0.674
10.332678079605103 0.738 0.674
10.365357875823975 0.738 0.674
10.365357875823975 0.738 0.674
10.398684024810791 0.738 0.674
10.398684024810791 0.738 0.674
10.399796485900879 0.738 0.674
10.432631015777588 0.738 0.674
10.433625936508179 0.738 0.674
10.466110706329346 0.738 0.674
10.466110706329346 0.738 0.674
10.467107772827148 0.738 0.674
10.500014543533325 0.738 0.674
10.500014543533325 0.738 0.674
10.533364057540894 0.738 0.674
10.533364057540894 0.738 0.674
10.534365892410278 0.738 0.674
10.56666898727417 0.738 0.674
10.567003965377808 0.704 0.674
10.600105047225952 0.704 0.674
10.601101875305176 0.704 0.674
10.602137327194214 0.704 0.674
10.63354206085205 0.704 0.674
10.634543418884277 0.704 0.674
10.666900634765625 0.704 0.674
10.66786241531372 0.704 0.674
10.66786241531372 0.704 0.674
10.700775384902954 0.704 0.674
10.700775384902954 0.704 0.674
10.734445333480835 0.704 0.674
10.734445333480835 0.704 0.674
10.767974138259888 0.704 0.674
10.768164873123169 0.704 0.645
10.768758058547974 0.704 0.645
10.801194906234741 0.704 0.645
10.802297830581665 0.704 0.645
10.834734916687012 0.704 0.645
10.834734916687012 0.704 0.645
10.83573317527771 0.704 0.645
10.868637800216675 0.704 0.645
10.869580745697021 0.704 0.645
10.902348279953003 0.704 0.645
10.902348279953003 0.704 0.645
10.90334701538086 0.704 0.645
10.935460567474365 0.704 0.645
10.935460567474365 0.704 0.645
10.969114303588867 0.704 0.645
10.9694082736969 0.704 0.645
10.9694082736969 0.704 0.645
11.002307653427124 0.704 0.645
11.003308773040771 0.704 0.645
11.03637409210205 0.704 0.645
11.036957740783691 0.704 0.645
11.03795599937439 0.704 0.645
11.069970846176147 0.704 0.645
11.070972919464111 0.704 0.674
11.102801322937012 0.704 0.674
11.10354232788086 0.704 0.674
11.104537963867188 0.704 0.674
11.136484861373901 0.704 0.674
11.136484861373901 0.704 0.674
11.17026662826538 0.738 0.674
11.17026662826538 0.738 0.674
11.203935384750366 0.738 0.674
11.204499244689941 0.738 0.674
11.204499244689941 0.738 0.674
11.237510204315186 0.738 0.674
11.238635063171387 0.738 0.674
11.270541667938232 0.738 0.674
11.272535562515259 0.738 0.674
11.274537801742554 0.738 0.674
11.30419373512268 0.738 0.674
11.306199073791504 0.738 0.674
11.33795428276062 0.738 0.674
11.338958501815796 0.738 0.674
11.339956045150757 0.738 0.674
11.371330261230469 0.738 0.674
11.372295141220093 0.738 0.674
11.4046049118042 0.738 0.674
11.405599594116211 0.738 0.645
11.405599594116211 0.738 0.645
11.437895059585571 0.738 0.645
11.438899040222168 0.738 0.645
11.472071170806885 0.704 0.645
11.472071170806885 0.704 0.645
11.473068952560425 0.704 0.645
11.505249261856079 0.704 0.645
11.50624394416809 0.704 0.645
11.538836240768433 0.704 0.645
11.539830207824707 0.704 0.645
11.539830207824707 0.704 0.645
11.571742534637451 0.704 0.645
11.57274055480957 0.704 0.645
11.605588674545288 0.704 0.645
11.606548547744751 0.704 0.645
11.638853073120117 0.704 0.645
11.639856815338135 0.704 0.645
11.639856815338135 0.704 0.645
11.673161029815674 0.704 0.645
11.674162864685059 0.704 0.645
11.705860614776611 0.704 0.645
11.70689845085144 0.704 0.645
11.707854747772217 0.704 0.674
11.73954176902771 0.704 0.674
11.74053692817688 0.704 0.674
11.773061752319336 0.704 0.674
11.774059295654297 0.704 0.674
11.77505612373352 0.704 0.674
11.806894302368164 0.704 0.674
11.807891607284546 0.704 0.674
11.841098070144653 0.704 0.674
11.841958999633789 0.704 0.674
11.841958999633789 0.704 0.674
11.874207496643066 0.704 0.674
11.874894857406616 0.704 0.674
11.907805442810059 0.704 0.674
11.907805442810059 0.704 0.674
11.908804655075073 0.704 0.674
11.941028833389282 0.704 0.674
11.942028999328613 0.704 0.674
11.97422480583191 0.704 0.674
11.975224256515503 0.704 0.674
11.976222038269043 0.704 0.674
12.008397817611694 0.704 0.674
12.00887131690979 0.704 0.674
12.042064666748047 0.704 0.674
12.042574644088745 0.704 0.645
12.074845552444458 0.704 0.645
12.075846433639526 0.704 0.645
12.075846433639526 0.704 0.645
12.109188795089722 0.704 0.645
12.109526634216309 0.704 0.645
12.14252781867981 0.704 0.645
12.143532991409302 0.704 0.645
12.143532991409302 0.704 0.645
12.17630910873413 0.704 0.645
12.176885604858398 0.704 0.645
12.209790468215942 0.704 0.645
12.210802555084229 0.704 0.645
12.211794137954712 0.704 0.645
12.243101596832275 0.704 0.645
12.244098663330078 0.704 0.645
12.277020454406738 0.704 0.645
12.27755618095398 0.704 0.645
12.278558492660522 0.704 0.645
12.311040163040161 0.704 0.645
12.312049627304077 0.704 0.645
12.343345880508423 0.704 0.645
12.344343185424805 0.704 0.645
12.345340967178345 0.704 0.673
12.377586126327515 0.704 0.673
12.378450155258179 0.704 0.673
12.410940885543823 0.704 0.673
12.410940885543823 0.704 0.673
12.411941289901733 0.704 0.673
12.443889141082764 0.704 0.673
12.444853067398071 0.704 0.673
12.477996349334717 0.704 0.673
12.47899842262268 0.704 0.673
12.511420726776123 0.704 0.673
12.512424230575562 0.704 0.673
12.512424230575562 0.704 0.673
12.5455322265625 0.704 0.673
12.546528339385986 0.704 0.673
12.578569173812866 0.704 0.673
12.579564809799194 0.704 0.673
12.580562114715576 0.704 0.673
12.61145567893982 0.704 0.673
12.612493515014648 0.704 0.673
12.645639419555664 0.704 0.673
12.646064281463623 0.704 0.673
12.64706540107727 0.704 0.673
12.679411888122559 0.704 0.674
12.68140697479248 0.704 0.674
12.712150573730469 0.704 0.674
12.714144468307495 0.704 0.674
12.71613883972168 0.704 0.674
12.745408296585083 0.704 0.674
12.746403932571411 0.704 0.674
12.77897310256958 0.704 0.674
12.779968976974487 0.704 0.674
12.779968976974487 0.704 0.674
12.813291311264038 0.704 0.674
12.814069986343384 0.704 0.674
12.846057176589966 0.704 0.674
12.847060680389404 0.704 0.674
12.848057746887207 0.704 0.674
12.880111932754517 0.704 0.674
12.880111932754517 0.704 0.674
12.9139564037323 0.704 0.674
12.9139564037323 0.704 0.674
12.946869134902954 0.704 0.674
12.947866201400757 0.704 0.674
12.947866201400757 0.704 0.674
12.980796575546265 0.704 0.674
12.980796575546265 0.704 0.674
13.013964891433716 0.704 0.674
13.014974355697632 0.704 0.674
13.015976190567017 0.704 0.674
13.048052310943604 0.704 0.674
13.048485279083252 0.704 0.674
13.081352472305298 0.704 0.674
13.082315444946289 0.704 0.674
13.083314895629883 0.704 0.674
13.114720106124878 0.704 0.674
13.115678310394287 0.704 0.674
13.148651361465454 0.704 0.674
13.148922681808472 0.704 0.674
13.149926662445068 0.704 0.674
13.181908369064331 0.704 0.674
13.182907342910767 0.704 0.674
13.21597409248352 0.704 0.674
13.216980218887329 0.704 0.674
13.216980218887329 0.704 0.674
13.249470949172974 0.704 0.674
13.250125646591187 0.704 0.674
13.28276515007019 0.704 0.674
13.283804655075073 0.704 0.674
13.285797357559204 0.704 0.674
13.315705060958862 0.704 0.645
13.316685676574707 0.704 0.645
13.35005784034729 0.704 0.645
13.35005784034729 0.704 0.645
13.383500099182129 0.704 0.645
13.384187459945679 0.704 0.645
13.384187459945679 0.704 0.645
13.417123317718506 0.704 0.645
13.41748046875 0.704 0.645
13.450671672821045 0.704 0.645
13.450671672821045 0.704 0.645
13.451674461364746 0.704 0.645
13.484354019165039 0.704 0.645
13.485360622406006 0.704 0.645
13.517565965652466 0.704 0.645
13.517565965652466 0.704 0.645
13.518531560897827 0.704 0.645
13.551269292831421 0.704 0.645
13.551269292831421 0.704 0.645
13.584073543548584 0.704 0.645
13.585105895996094 0.704 0.645
13.586108922958374 0.704 0.645
13.618172645568848 0.704 0.704
13.619179487228394 0.704 0.704
13.651634216308594 0.704 0.704
13.6526358127594 0.704 0.704
13.6526358127594 0.704 0.704
13.685351610183716 0.704 0.704
13.685351610183716 0.704 0.704
13.718892335891724 0.704 0.704
13.719757556915283 0.704 0.704
13.720760822296143 0.704 0.704
13.751709699630737 0.704 0.704
13.752674102783203 0.704 0.704
13.785508394241333 0.704 0.704
13.786375761032104 0.704 0.704
13.819020509719849 0.704 0.704
13.819020509719849 0.704 0.704
13.820019006729126 0.704 0.704
13.852135419845581 0.704 0.704
13.853130340576172 0.704 0.704
13.886369466781616 0.704 0.704
13.887214422225952 0.704 0.704
13.887214422225952 0.704 0.704
13.920074224472046 0.704 0.704
13.920938491821289 0.704 0.704
13.953110694885254 0.704 0.645
13.95506501197815 0.704 0.645
13.957066535949707 0.704 0.645
13.987761974334717 0.704 0.645
13.99075198173523 0.704 0.645
14.020426034927368 0.704 0.645
14.021425247192383 0.704 0.645
14.021425247192383 0.704 0.645
14.053210735321045 0.704 0.645
14.054206609725952 0.704 0.645
14.08726191520691 0.704 0.645
14.08726191520691 0.704 0.645
14.088282823562622 0.704 0.645
14.120606184005737 0.704 0.645
14.121606588363647 0.704 0.645
14.154245376586914 0.704 0.645
14.155243158340454 0.704 0.645
14.155243158340454 0.704 0.645
14.187304496765137 0.704 0.645
14.188442468643188 0.704 0.645
14.221807479858398 0.704 0.645
14.221807479858398 0.704 0.645
14.255084037780762 0.704 0.704
14.255084037780762 0.704 0.704
14.256027698516846 0.704 0.704
14.288748502731323 0.704 0.704
14.289153337478638 0.704 0.704
14.321789503097534 0.704 0.704
14.322532415390015 0.704 0.704
14.323529243469238 0.704 0.704
14.355720520019531 0.704 0.704
14.356402158737183 0.704 0.704
14.388696908950806 0.704 0.704
14.390689373016357 0.704 0.704
14.393041610717773 0.704 0.704
14.422788381576538 0.704 0.704
14.422788381576538 0.704 0.704
14.456522941589355 0.704 0.704
14.456522941589355 0.704 0.704
14.457394361495972 0.704 0.704
14.489068746566772 0.704 0.704
14.490095853805542 0.704 0.704
14.522859811782837 0.704 0.704
14.523861169815063 0.704 0.704
14.523861169815063 0.704 0.704
14.55715560913086 0.704 0.704
14.55756664276123 0.704 0.645
14.590614795684814 0.704 0.645
14.5909264087677 0.704 0.645
14.592023134231567 0.704 0.645
14.623894214630127 0.704 0.645
14.623894214630127 0.704 0.645
14.65779972076416 0.704 0.645
14.65810227394104 0.704 0.645
14.69129991531372 0.704 0.645
14.691638946533203 0.704 0.645
14.692677736282349 0.704 0.645
14.724186897277832 0.704 0.645
14.72493577003479 0.704 0.645
14.75827932357788 0.704 0.645
14.758635520935059 0.704 0.645
14.759637355804443 0.674 0.645
14.790940761566162 0.674 0.645
14.791975498199463 0.674 0.645
14.825024843215942 0.674 0.645
14.82602310180664 0.674 0.645
14.827018737792969 0.674 0.645
14.858912706375122 0.674 0.645
14.860435009002686 0.674 0.645
14.89272403717041 0.674 0.674
14.893588542938232 0.674 0.674
14.89458441734314 0.674 0.674
14.925933122634888 0.674 0.674
14.926931619644165 0.674 0.674
14.959510564804077 0.674 0.674
14.960515260696411 0.674 0.674
14.961513042449951 0.674 0.674
14.992619037628174 0.674 0.674
14.993603706359863 0.674 0.674
15.026082277297974 0.674 0.674
15.027088642120361 0.674 0.674
15.028082370758057 0.674 0.674
15.059033393859863 0.674 0.674
15.059996843338013 0.704 0.674
15.092691421508789 0.704 0.674
15.093693017959595 0.704 0.674
15.12625002861023 0.704 0.674
15.12721300125122 0.704 0.674
15.127488851547241 0.704 0.674
15.159781455993652 0.704 0.674
15.160778760910034 0.704 0.674
15.193912267684937 0.704 0.674
15.193912267684937 0.704 0.674
15.194910049438477 0.704 0.645
15.226714134216309 0.704 0.645
15.227661609649658 0.704 0.645
15.260878801345825 0.704 0.645
15.2616868019104 0.704 0.645
15.2616868019104 0.704 0.645
15.294901371002197 0.704 0.645
15.295898675918579 0.704 0.645
15.32738709449768 0.704 0.645
15.328426599502563 0.704 0.645
15.329387187957764 0.704 0.645
15.360950469970703 0.704 0.645
15.361963987350464 0.704 0.645
15.394766807556152 0.704 0.645
15.39576506614685 0.704 0.645
15.39576506614685 0.704 0.645
15.428473234176636 0.704 0.645
15.429492950439453 0.704 0.645
15.461684226989746 0.704 0.645
15.462886810302734 0.704 0.645
15.463888883590698 0.704 0.645
15.49580192565918 0.704 0.645
15.49580192565918 0.704 0.704
15.52925705909729 0.704 0.704
15.529574394226074 0.704 0.704
15.563127994537354 0.704 0.704
15.563127994537354 0.704 0.704
15.564126253128052 0.704 0.704
15.596637487411499 0.704 0.704
15.597023248672485 0.704 0.704
15.629925727844238 0.704 0.704
15.630116701126099 0.704 0.704
15.631120204925537 0.704 0.704
15.663626194000244 0.704 0.704
15.66565489768982 0.704 0.704
15.697047472000122 0.704 0.704
15.698609828948975 0.704 0.704
15.700563192367554 0.704 0.704
15.730970859527588 0.704 0.704
15.73293161392212 0.704 0.704
15.763983964920044 0.704 0.704
15.763983964920044 0.704 0.704
15.76492691040039 0.704 0.704
15.797829627990723 0.704 0.704
15.798328638076782 0.704 0.704
15.830957889556885 0.704 0.704
15.831961870193481 0.704 0.645
15.831961870193481 0.704 0.645
15.864758014678955 0.704 0.645
15.864758014678955 0.704 0.645
15.898385047912598 0.704 0.645
15.89886736869812 0.704 0.645
15.899870872497559 0.704 0.645
15.930821418762207 0.704 0.645
15.931822299957275 0.704 0.645
15.96482539176941 0.704 0.645
15.965825080871582 0.704 0.645
15.998878002166748 0.674 0.645
15.999105215072632 0.674 0.645
15.999789237976074 0.674 0.645
16.03247308731079 0.674 0.645
16.032888889312744 0.674 0.645
16.06565499305725 0.674 0.645
16.06565499305725 0.674 0.645
16.066696166992188 0.674 0.645
16.099547624588013 0.674 0.645
16.100552797317505 0.674 0.645
16.132983922958374 0.674 0.645
16.13389229774475 0.674 0.645
16.13389229774475 0.674 0.674
16.16650629043579 0.674 0.674
16.16750931739807 0.674 0.674
16.20028829574585 0.674 0.674
16.201292991638184 0.674 0.674
16.202290296554565 0.674 0.674
16.23375177383423 0.674 0.674
16.234744787216187 0.674 0.674
16.266744136810303 0.674 0.674
16.267740964889526 0.674 0.674
16.268737077713013 0.704 0.674
16.300943851470947 0.704 0.674
16.300943851470947 0.704 0.674
16.333304166793823 0.704 0.674
16.33436155319214 0.704 0.674
16.335304737091064 0.704 0.674
16.367220640182495 0.704 0.674
16.368215084075928 0.704 0.674
16.400399923324585 0.704 0.674
16.401403665542603 0.704 0.674
16.434229850769043 0.704 0.674
16.43522596359253 0.704 0.674
16.43522596359253 0.704 0.674
16.468526601791382 0.704 0.674
16.469524145126343 0.704 0.645
16.501421689987183 0.704 0.645
16.502459049224854 0.704 0.645
16.50345492362976 0.704 0.645
16.534611701965332 0.704 0.645
16.53560996055603 0.704 0.645
16.569109678268433 0.704 0.645
16.569372415542603 0.704 0.645
16.569372415542603 0.704 0.645
16.602388858795166 0.704 0.645
16.602388858795166 0.704 0.645
16.635316133499146 0.704 0.645
16.636268615722656 0.704 0.645
16.636268615722656 0.704 0.645
16.669389486312866 0.704 0.645
16.669389486312866 0.704 0.645
16.70236039161682 0.704 0.645
16.703322649002075 0.704 0.645
16.704334259033203 0.704 0.645
16.73658561706543 0.704 0.645
16.73758053779602 0.704 0.645
16.77012610435486 0.704 0.645
16.771079540252686 0.704 0.645
16.771079540252686 0.704 0.674
16.8030264377594 0.704 0.674
16.80398917198181 0.704 0.674
16.837336540222168 0.704 0.674
16.837798833847046 0.704 0.674
16.870559215545654 0.704 0.674
16.870991468429565 0.704 0.674
16.870991468429565 0.704 0.674
16.904276847839355 0.704 0.674
16.90511989593506 0.704 0.674
16.937877655029297 0.704 0.674
16.938210248947144 0.704 0.674
16.939211130142212 0.704 0.674
16.971189260482788 0.704 0.674
16.971500396728516 0.704 0.674
17.004574298858643 0.704 0.674
17.005300283432007 0.704 0.674
17.00629687309265 0.704 0.674
17.038553953170776 0.704 0.674
17.038898944854736 0.704 0.674
17.07199454307556 0.704 0.674
17.072270393371582 0.704 0.674
17.072270393371582 0.704 0.674
17.104769945144653 0.704 0.674
17.1058087348938 0.704 0.674
17.139325857162476 0.704 0.674
17.140132665634155 0.704 0.674
17.141132354736328 0.704 0.674
17.172266960144043 0.704 0.674
17.173269271850586 0.704 0.674
17.20519185066223 0.704 0.674
17.207145929336548 0.704 0.674
17.208143711090088 0.704 0.674
17.239093542099 0.704 0.674
17.239532947540283 0.704 0.674
17.273038387298584 0.704 0.674
17.273334980010986 0.704 0.674
17.306336164474487 0.704 0.674
17.306941509246826 0.704 0.674
17.306941509246826 0.704 0.674
17.34023880958557 0.704 0.674
17.341102361679077 0.704 0.674
17.373216152191162 0.704 0.674
17.37421989440918 0.704 0.674
17.376209259033203 0.704 0.674
17.407238960266113 0.704 0.674
17.409287452697754 0.704 0.674
17.44078278541565 0.704 0.674
17.441795587539673 0.704 0.674
17.443790912628174 0.704 0.674
17.47417950630188 0.704 0.674
17.475213766098022 0.704 0.674
17.507465839385986 0.704 0.674
17.507465839385986 0.704 0.674
17.50900363922119 0.704 0.674
17.540638208389282 0.704 0.674
17.54163694381714 0.704 0.674
17.574432849884033 0.704 0.674
17.57543659210205 0.704 0.674
17.576433897018433 0.704 0.674
17.60800051689148 0.704 0.674
17.60896372795105 0.704 0.674
17.641376495361328 0.704 0.674
17.642337799072266 0.704 0.674
17.643335342407227 0.704 0.674
17.67524814605713 0.704 0.674
17.67524814605713 0.704 0.674
17.708945751190186 0.704 0.674
17.709251880645752 0.704 0.674
17.74211812019348 0.704 0.674
17.743120431900024 0.704 0.674
17.743120431900024 0.704 0.674
17.77564573287964 0.738 0.674
17.77758765220642 0.738 0.674
17.809377431869507 0.738 0.674
17.810369968414307 0.738 0.674
17.81138825416565 0.738 0.674
17.843297004699707 0.738 0.674
17.844303369522095 0.738 0.674
17.875704526901245 0.738 0.674
17.877694606781006 0.738 0.674
17.87873363494873 0.738 0.674
17.910235166549683 0.738 0.674
17.912240743637085 0.738 0.674
17.943393230438232 0.738 0.674
17.94438934326172 0.738 0.674
17.945416688919067 0.738 0.674
17.976942777633667 0.738 0.674
17.976942777633667 0.738 0.674
18.009998321533203 0.738 0.674
18.01099944114685 0.738 0.674
18.011338233947754 0.738 0.674
18.043662071228027 0.738 0.674
18.04466223716736 0.738 0.674
18.077800512313843 0.704 0.674
18.079855918884277 0.704 0.674
18.080846786499023 0.704 0.674
18.110718488693237 0.704 0.674
18.11171531677246 0.704 0.674
18.144712924957275 0.704 0.674
18.144712924957275 0.704 0.674
18.178393840789795 0.704 0.674
18.17859435081482 0.704 0.674
18.17919111251831 0.704 0.674
18.211127519607544 0.704 0.674
18.212130308151245 0.704 0.674
18.245279788970947 0.704 0.674
18.245638847351074 0.704 0.674
18.246642112731934 0.704 0.674
18.27916717529297 0.704 0.674
18.280171155929565 0.704 0.674
18.31241226196289 0.704 0.674
18.31278419494629 0.704 0.674
18.31378722190857 0.704 0.674
18.346085786819458 0.704 0.674
18.346834897994995 0.738 0.674
18.37969470024109 0.738 0.645
18.380738019943237 0.738 0.645
18.380738019943237 0.738 0.645
18.413090229034424 0.738 0.645
18.415092706680298 0.738 0.645
18.44653868675232 0.738 0.645
18.44839382171631 0.738 0.645
18.44939136505127 0.738 0.645
18.480830430984497 0.738 0.645
18.481837272644043 0.738 0.645
18.51383066177368 0.738 0.645
18.5157630443573 0.738 0.645
18.51676034927368 0.738 0.645
18.546526670455933 0.738 0.645
18.54745316505432 0.738 0.645
18.58068013191223 0.738 0.645
18.581229209899902 0.738 0.645
18.61403465270996 0.738 0.645
18.614664793014526 0.738 0.645
18.614664793014526 0.738 0.645
18.647111892700195 0.738 0.645
18.648076057434082 0.738 0.645
18.681135892868042 0.674 0.645
18.681759119033813 0.674 0.674
18.681759119033813 0.674 0.674
18.7148277759552 0.674 0.674
18.7148277759552 0.674 0.674
18.747735261917114 0.674 0.674
18.748737573623657 0.674 0.674
18.748737573623657 0.674 0.674
18.78126287460327 0.674 0.674
18.782286882400513 0.674 0.674
18.81541156768799 0.674 0.674
18.816406965255737 0.674 0.674
18.817447662353516 0.674 0.674
18.848912954330444 0.674 0.674
18.849915027618408 0.674 0.674
18.881935119628906 0.674 0.674
18.883241176605225 0.674 0.674
18.883925437927246 0.674 0.674
18.91605019569397 0.674 0.674
18.917046070098877 0.674 0.674
18.949188470840454 0.674 0.674
18.950186252593994 0.738 0.674
18.95118260383606 0.738 0.674
18.98309564590454 0.738 0.674
18.98309564590454 0.738 0.674
19.01607584953308 0.738 0.645
19.017075300216675 0.738 0.645
19.050441026687622 0.738 0.645
19.050441026687622 0.738 0.645
19.051440715789795 0.738 0.645
19.08391284942627 0.738 0.645
19.084764003753662 0.738 0.645
19.11692452430725 0.738 0.645
19.117650032043457 0.738 0.645
19.117650032043457 0.738 0.645
19.150681972503662 0.738 0.645
19.151679277420044 0.738 0.645
19.184094667434692 0.738 0.645
19.18469524383545 0.738 0.645
19.18572974205017 0.738 0.645
19.217758417129517 0.738 0.645
19.218114852905273 0.738 0.645
19.25143313407898 0.738 0.645
19.252472400665283 0.704 0.645
19.252472400665283 0.704 0.645
19.284807205200195 0.704 0.645
19.28580069541931 0.704 0.645
19.318439722061157 0.704 0.645
19.318439722061157 0.704 0.674
19.319467067718506 0.704 0.674
19.351561069488525 0.704 0.674
19.3525550365448 0.704 0.674
19.385131359100342 0.704 0.674
19.386135578155518 0.704 0.674
19.387170791625977 0.704 0.674
19.41807985305786 0.704 0.674
19.419077157974243 0.704 0.674
19.452386140823364 0.704 0.674
19.453012943267822 0.704 0.674
19.48621892929077 0.704 0.674
19.486454010009766 0.704 0.674
19.486454010009766 0.704 0.674
19.51986575126648 0.704 0.674
19.520873546600342 0.704 0.674
19.55244255065918 0.704 0.674
19.553801774978638 0.704 0.674
19.553801774978638 0.704 0.674
19.58681035041809 0.704 0.674
19.58681035041809 0.704 0.674
19.620365381240845 0.704 0.674
19.62102508544922 0.704 0.674
19.62102508544922 0.704 0.674
19.65412998199463 0.704 0.674
19.65412998199463 0.704 0.674
19.687379121780396 0.704 0.674
19.688225030899048 0.704 0.674
19.689229488372803 0.704 0.674
19.721070289611816 0.704 0.674
19.72207760810852 0.704 0.674
19.753795862197876 0.704 0.674
19.75579285621643 0.704 0.674
19.756783723831177 0.704 0.674
19.788010835647583 0.704 0.674
19.78904700279236 0.704 0.674
19.82106614112854 0.704 0.674
19.8220272064209 0.704 0.674
19.823024034500122 0.738 0.674
19.853939533233643 0.738 0.674
19.854936838150024 0.738 0.674
19.888187885284424 0.738 0.674
19.888187885284424 0.738 0.674
19.921464920043945 0.738 0.674
19.922471284866333 0.738 0.674
19.923463821411133 0.738 0.674
19.954730987548828 0.738 0.674
19.955726861953735 0.738 0.674
19.988262176513672 0.738 0.674
19.989265203475952 0.738 0.674
19.990262746810913 0.738 0.674
20.022679805755615 0.738 0.674
20.022679805755615 0.738 0.674
20.05586051940918 0.738 0.674
20.05685520172119 0.738 0.674
20.05685520172119 0.738 0.674
20.089740991592407 0.738 0.674
20.090603828430176 0.738 0.674
20.123092651367188 0.738 0.674
20.123092651367188 0.738 0.674
20.124094486236572 0.704 0.674
20.156246423721313 0.704 0.674
20.15724515914917 0.704 0.674
20.189791440963745 0.704 0.674
20.19079351425171 0.704 0.674
20.19079351425171 0.704 0.674
20.223267793655396 0.704 0.674
20.22426414489746 0.704 0.674
20.256876468658447 0.704 0.674
20.25783610343933 0.704 0.674
20.25783610343933 0.704 0.645
20.290781259536743 0.704 0.645
20.290781259536743 0.704 0.645
20.323771476745605 0.704 0.645
20.32468295097351 0.704 0.645
20.35800337791443 0.704 0.645
20.359001398086548 0.704 0.645
20.359001398086548 0.704 0.645
20.391738891601562 0.704 0.645
20.392186164855957 0.704 0.645
20.42484164237976 0.704 0.645
20.42484164237976 0.704 0.645
20.425843954086304 0.704 0.645
20.458549737930298 0.704 0.645
20.45905590057373 0.704 0.645
20.492209911346436 0.704 0.645
20.492560625076294 0.704 0.645
20.493563175201416 0.704 0.645
20.52524709701538 0.704 0.645
20.526247262954712 0.704 0.645
20.55831789970398 0.704 0.645
20.55931329727173 0.704 0.645
20.56031107902527 0.704 0.645
20.592376947402954 0.704 0.674
20.592376947402954 0.704 0.674
20.626063585281372 0.704 0.674
20.626063585281372 0.704 0.674
20.627033948898315 0.704 0.674
20.659757137298584 0.704 0.674
20.659757137298584 0.704 0.674
20.693395614624023 0.704 0.674
20.693395614624023 0.704 0.674
20.69440245628357 0.704 0.674
20.726335048675537 0.704 0.674
20.726335048675537 0.704 0.674
20.759950637817383 0.704 0.674
20.759950637817383 0.704 0.674
20.79333257675171 0.704 0.674
20.794365167617798 0.704 0.674
20.794365167617798 0.704 0.674
20.8271644115448 0.704 0.674
20.8271644115448 0.704 0.674
20.860403537750244 0.704 0.674
20.861406803131104 0.704 0.674
20.862404584884644 0.704 0.674
20.89413809776306 0.704 0.674
20.895874977111816 0.704 0.674
20.927892446517944 0.704 0.645
20.928629159927368 0.704 0.645
20.92964220046997 0.704 0.645
20.96167230606079 0.704 0.645
20.96167230606079 0.704 0.645
20.995123863220215 0.704 0.645
20.995123863220215 0.704 0.645
20.996122360229492 0.704 0.645
21.028497219085693 0.704 0.645
21.029499292373657 0.704 0.645
21.06164002418518 0.704 0.645
21.063559532165527 0.704 0.645
21.064563035964966 0.704 0.645
21.09568977355957 0.704 0.645
21.096689701080322 0.704 0.645
21.1290180683136 0.704 0.645
21.1290180683136 0.704 0.645
21.13002324104309 0.704 0.645
21.161933660507202 0.704 0.645
21.162931442260742 0.704 0.645
21.196128845214844 0.704 0.645
21.196128845214844 0.704 0.645
21.22871994972229 0.704 0.645
21.229721307754517 0.704 0.674
21.230719089508057 0.704 0.674
21.262694120407104 0.704 0.674
21.264647960662842 0.704 0.674
21.29658341407776 0.704 0.674
21.29757046699524 0.704 0.674
21.29861330986023 0.704 0.674
21.329766035079956 0.738 0.674
21.33169674873352 0.738 0.674
21.363433122634888 0.738 0.674
21.364429712295532 0.738 0.674
21.36646294593811 0.738 0.674
21.39736032485962 0.738 0.674
21.399305820465088 0.738 0.674
21.430855989456177 0.738 0.674
21.431854009628296 0.738 0.674
21.432848691940308 0.738 0.674
